1241
1369
1635
3043
3089
3145
3352
3503
3824
3972
4128
4297
4344
4389
4520
5110
5439
5552
5675
9688
9744
9888
10101
10204
10308
10410
10573
10841
10932
11051
11433
11516
12453
12986
13071
13160
13470
13573
15081
15157
15422
15498
15763
15839
16104
16180
16530
16602
16933
17003
17789
17942
18018
19776
20587
20920
20998
21570
23407
23674
23729
23788
23970
24329
24386
24459
24628
24702
24874
24957
25156
25234
25319
25524
25708
25784
25962
26040
26224
26298
26470
26546
26724
26803
26990
27063
27232
27302
27462
27535
27704
27780
27958
28032
28204
28282
28466
28556
28776
28864
29078
29157
29344
29399
29532
29751
31424
33175
33433
35982
36050
36283
36342
37789
37925
38087
38249
38958
39036
39509
39570
39775
39840
40052
40119
40339
40399
40466
40549
40736
40820
41012
41081
41170
42543
42616
42696
42891
43086
43281
43562
43736
43910
44084
44258
44432
44606
44859
44930
45098
45266
45511
45584
45663
45940
46193
46262
46424
46586
46748
46985
47059
47316
47384
47543
47702
47861
48020
48179
48412
48477
48627
48777
48998
49066
49299
49370
49538
49706
49951
50016
50089
50342
50563
50632
50794
50956
51118
51280
51442
51687
51760
51934
52187
52272
52573
52651
52840
53029
53302
53385
53678
53752
53929
54240
55373
60272
73424
73535
73589
73804
74858
75917
75978
76807
76932
77032
77126
77238
77290
77387
77668
77756
80380
80834
80877
83668
83893
83935
84110
84272
84318
84368
84422
86571
94370
94693
94829
94965
95036
95089
95142
95209
95251
142062
150333
151199
151550
167607
174600
174988
175035
175130
175225
175320
179378
180891
183830
185230
185741
186073
186257
192879
192994
193039
200901
201846
202338
203469
203509
206956
206996
211845
212856
214348
214723
216957
217244
217382
217493
217760
217809
225531
225576
225679
226045
226289
226521
235327
236010
244187
244774
247457
250566
252671
253349
256214
256301
256433
258017
259930
260013
261373
262118
263139
263432
263692
267530
269773
270346
271360
271978
273081
273273
274206
275003
275331
275493
276450
277896
279970
283468
283513
285673
285766
286244
288166
288353
288417
288754
288962
289026
289216
289377
289506
289715
289930
290116
290169
290276
290517
290806
290856
291097
291319
291519
291688
291825
292080
293438
293525
294243
294454
294675
