11
57
110
159
214
289
338
385
427
479
520
573
626
699
746
811
860
921
971
1024
1075
1120
1157
1206
86927
94370
94800
94924
95183
95293
95366
101600
101627
101652
101686
101760
101800
101845
101890
101933
101972
102013
102054
102098
102140
102185
102233
102281
102334
102381
102433
102478
102528
102572
102621
102674
102719
102765
102810
102855
102900
102945
102990
103035
103087
103135
103179
103217
103254
103306
103342
103386
103421
103472
103509
103563
103606
103651
103697
103748
103807
103867
103920
103974
107338
109432
110925
115650
115734
115806
116507
116547
116609
122630
122720
134967
157162
157285
157347
157620
157802
158368
158421
158735
158778
159078
159353
159399
159452
159500
159561
159608
159651
159905
160358
160448
160506
160577
160622
160720
160968
161015
161058
161142
161187
161275
161334
161381
161420
161483
161532
161577
161638
161677
161757
161808
161887
162127
162176
162241
162464
162761
162814
162894
162947
163029
163076
163177
163216
163327
163402
163503
163552
163648
164423
164511
164557
164639
164708
164738
164807
164856
164915
164957
165006
165039
165285
165342
165401
165462
165564
165611
165727
165768
165799
165860
165948
165990
166021
166051
166082
166123
166154
166213
166248
166283
166808
166857
166936
166976
167247
167429
167490
167690
167963
168156
168262
168381
168441
168505
168572
168672
168704
168920
168988
169053
169088
169481
169591
169644
169865
169903
169955
170045
170096
170249
170391
170468
170628
170729
170776
170936
171072
171133
171446
171729
171825
171874
171912
172037
172076
172121
172585
172846
173054
173103
173199
173292
173435
173470
173519
173576
173660
173713
173774
173936
173985
174073
174123
174162
174195
174292
174388
174421
174644
174816
174887
175415
178893
179336
180728
180807
181068
181117
181172
181886
182029
182077
182465
182789
183748
184219
184867
185230
185363
185565
185628
186024
186116
186169
186224
186311
186363
190994
191946
192086
192125
192170
193593
193638
193703
193744
193787
198459
200901
200993
201159
201391
202059
202338
202573
202628
202696
202757
202830
203117
203170
203250
203301
203650
203813
203862
204020
204974
205025
206319
206424
206473
206561
206676
206772
206814
206909
211703
211740
211784
211954
214244
214299
214840
215955
216083
216153
217126
217177
217672
217858
217895
217937
221304
221559
221610
223952
225476
225616
225736
225781
225898
225994
226085
226121
226160
226201
226329
226370
226425
226472
230972
232791
233080
233400
233807
234415
234667
234956
235022
235073
235184
235237
235284
236339
236933
237123
237300
237508
237704
237995
238113
238687
238859
239248
239391
239496
239558
239747
240015
240188
240357
240534
240712
240885
241058
241230
241273
241453
241636
241821
241992
242301
242639
242685
242875
243383
243570
243752
244337
244639
244686
244735
244860
245196
245309
245488
245593
245716
245839
245984
246114
246242
246413
246533
246660
246874
247061
247160
247244
247506
247553
247680
249335
249403
249682
249755
250165
250228
250319
250402
250721
250780
250833
250914
250965
251016
251065
251161
251198
251255
251300
251705
251738
252727
252892
253132
253349
255442
255544
255618
256616
258320
259263
259350
259389
259434
259565
259891
259972
260246
260300
260349
260403
260694
261082
261214
261257
261373
261685
261803
261874
261989
262036
262118
262706
262751
263030
263096
263475
263575
263760
263914
264096
264256
264494
264810
264857
264932
264977
265068
265345
265386
265517
265802
265882
265917
265962
266013
266071
267595
267666
268707
268760
268892
269328
269372
269419
269490
269533
269584
270386
270498
270553
270815
270963
271030
271077
271152
271189
271317
271466
271510
271632
271675
271727
271804
271861
272071
272222
272269
272346
272482
272757
272794
272867
272908
272957
273036
273081
273318
273763
273821
273862
274143
274206
274420
274617
274662
274718
275044
275383
275444
275493
275798
275839
275893
275936
275983
276077
276128
276495
276550
276654
276727
276778
276878
276923
277279
277578
277615
277710
277755
277804
277857
277939
277998
278067
278144
278196
278242
278279
278341
278388
278433
278713
278754
278806
279069
279348
279668
279769
279810
279856
279931
282289
282370
282655
282700
282761
282823
283119
283188
283235
283293
283354
283417
283580
283617
283741
284180
284219
284258
284306
284343
284622
284777
284826
284937
284992
285067
285180
285216
285717
285934
285975
286012
286049
286158
286201
286328
292832
292890
292929
292970
293395
293673
293711
294583
294638
