1291
1328
1706
1754
1806
1857
1903
1953
2006
2063
2106
2153
2209
2269
2317
2369
2417
2469
2516
2567
2615
2667
2714
2765
2809
2857
2904
2955
2997
3204
3279
3404
3453
3558
3637
3708
3768
3868
3918
4020
4075
4181
4242
4580
4647
4708
4776
4846
4911
4984
5057
5182
5245
5306
5377
5489
5606
5731
5802
5873
5937
6001
6062
6123
6184
6244
6304
6395
6478
6561
6637
6709
6780
6852
6937
7022
7107
7184
7261
7338
7415
7492
7562
7632
7702
7772
7840
7908
7976
8043
8110
8176
8242
8308
8374
8440
8506
8575
8644
8709
8774
8839
8904
8969
9032
9098
9164
9230
9296
9362
9428
9488
9548
9618
9804
9940
10017
10152
10485
10657
10749
11174
11307
11605
11718
11823
11934
12031
12135
12242
12358
12540
12643
12733
12819
12899
13256
13363
13680
13798
13911
14031
14149
14262
14375
14477
14577
14676
14774
14880
14978
15242
15334
15583
15675
15924
16016
16265
16357
16445
16683
16771
16854
17082
17168
17249
17328
17407
17489
17567
17643
17721
17859
18094
18181
18272
18361
18446
18549
18636
18709
18784
18865
18940
19016
19095
19171
19250
19321
19394
19473
19546
19620
19698
19845
19934
20025
20122
20213
20305
20400
20492
20663
20751
20841
21076
21156
21258
21369
21473
21645
21722
21814
21907
22005
22103
22203
22303
22412
22521
22618
22713
22810
22908
23010
23105
23202
23300
23349
23457
23523
23567
23615
23844
23906
24027
24109
24184
24257
24536
24780
25044
25408
25606
25864
26122
26376
26626
26886
27140
27376
27612
27860
28110
28364
28650
28956
29240
29466
29608
29690
29815
29878
29945
30014
30088
30161
30236
30315
30386
30459
30535
30603
30671
30740
30810
30876
30959
31042
31125
31196
31269
31356
31480
31553
31620
31682
31746
31821
31895
31971
32051
32123
32197
32274
32343
32412
32482
32553
32620
32704
32788
32872
32944
33018
33106
33231
33304
33371
33498
33562
33633
33708
33782
33858
33938
34010
34084
34161
34230
34299
34369
34440
34507
34591
34675
34759
34831
34905
34993
35062
35123
35196
35267
35338
35410
35476
35540
35605
35670
35730
35794
35858
35922
36122
36209
36405
36474
36541
36603
36666
36728
36790
36849
36923
36996
37075
37135
37194
37253
37328
37403
37477
37558
37639
37720
37858
37998
38160
38322
38411
38486
38544
38602
38660
38719
38777
38835
38893
39118
39225
39309
39376
39442
39635
39708
39909
39981
40190
40266
40636
40908
41263
41375
41437
41499
41562
41625
41690
41755
41831
41907
41977
42047
42117
42188
42256
42323
42396
42469
42780
42975
43170
43365
43476
43639
43813
43987
44161
44335
44509
44683
44780
45005
45173
45341
45434
45746
45855
46017
46114
46335
46497
46659
46821
46910
47137
47236
47456
47615
47774
47933
48092
48251
48338
48546
48696
48846
48927
49138
49225
49445
49613
49781
49874
50166
50263
50411
50492
50705
50867
51029
51191
51353
51515
51612
51837
52011
52108
52361
52482
52733
52922
53111
53218
53472
53589
53830
54007
54106
54186
54536
54593
54648
54705
54761
54815
54872
54939
54989
55052
55110
55176
55244
55309
55438
55523
55607
55692
55778
55864
55948
56025
56090
56164
56239
56305
56378
56444
56509
56574
56649
56702
56767
56827
56878
56935
56994
57054
57111
57172
57231
57300
57363
57419
57481
57548
57606
57674
57746
57803
57870
57932
57988
58046
58109
58182
58252
58317
58386
58459
58520
58600
58672
58739
58809
58874
58939
59005
59070
59135
59204
59278
59343
59406
59456
59515
59581
59643
59710
59774
59837
59906
59975
60025
60085
60150
60213
60335
60410
60479
60555
60621
60696
60762
60830
60893
60963
61026
61089
61152
61215
61288
61356
61418
61482
61541
61612
61684
61756
61831
61900
61965
62028
62102
62175
62241
62304
62388
62457
62512
62563
62620
62680
62732
62785
62845
62914
62980
63033
63089
63145
63203
63258
63307
63376
63434
63500
63563
63623
63688
63745
63817
63877
63942
64005
64067
64127
64181
64259
64333
64407
64465
64523
64591
64651
64706
64763
64835
64899
64964
65042
65112
65176
65243
65306
65378
65446
65514
65579
65641
65710
65774
65836
65892
65948
66006
66064
66133
66193
66252
66329
66405
66476
66536
66596
66668
66741
66816
66880
66949
67012
67078
67139
67196
67256
67311
67367
67422
67497
67557
67616
67676
67732
67798
67856
67916
67966
68016
68068
68122
68185
68251
68317
68370
68430
68487
68541
68603
68669
68733
68793
68859
68914
68994
69070
69144
69219
69294
69368
69447
69540
69615
69692
69750
69812
69872
69937
70004
70069
70123
70185
70241
70299
70358
70410
70467
70530
70593
70659
70723
70781
70840
70907
70977
71035
71098
71152
71210
71276
71336
71402
71457
71511
71564
71620
71691
71760
71818
71893
71962
72031
72087
72145
72200
72266
72320
72373
72427
72486
72540
72607
72659
72715
72768
72825
72893
72970
73033
73100
73172
73235
73298
73362
73477
73638
73677
73716
73754
73843
73899
73959
74000
74046
74098
74136
74178
74227
74280
74334
74392
74446
74504
74558
74616
74669
74726
74769
74816
74911
74956
75001
75055
75112
75166
75220
75274
75328
75385
75442
75496
75553
75607
75664
75721
75771
75819
75867
76022
76062
76106
76150
76198
76240
76286
76334
76372
76414
76454
76498
76540
76586
76627
76672
76719
76761
76843
76886
76977
77072
77175
77330
77427
77469
77514
77563
77616
77709
77801
77852
77906
77961
78028
78092
78158
78224
78294
78356
78438
78501
78562
78626
78687
78751
78817
78885
78950
79012
79076
79150
79207
79270
79329
79394
79462
79524
79586
79652
79710
79788
79847
79904
79975
80023
80077
80143
80211
80264
80317
80429
80491
80549
80608
80671
80735
80791
80926
80986
81040
81110
81187
81260
81340
81399
81457
81530
81593
81652
81715
81786
81862
81919
81980
82043
82123
82187
82243
82298
82360
82421
82478
82536
82596
82660
82721
82774
82830
82892
82953
83016
83055
83099
83147
83192
83235
83279
83318
83366
83410
83452
83498
83542
83584
83627
83712
83769
83813
83854
83984
84047
84152
84211
84483
84563
84631
84710
84784
84855
84927
84993
85070
85147
85214
85300
85375
85447
85517
85588
85681
85753
85822
85903
85972
86047
86124
86198
86256
86314
86365
86417
86465
86521
86623
86682
86734
86784
86833
86881
87886
87989
88092
88196
88300
88404
88507
88610
88713
88817
88920
89023
89126
89237
89341
89443
89546
89649
89753
89856
89958
90062
90165
90268
90371
90547
90651
90754
90857
90960
91063
91167
91278
91380
91482
91583
91685
91788
91892
91996
92099
92202
92306
92409
92513
92617
92720
92824
92926
93028
93131
93233
93336
93440
93544
93648
93751
93854
93958
94060
94163
94267
95421
95523
95626
95729
95832
95935
96038
96141
96245
96348
96452
96554
96657
96760
96863
96965
97068
97171
97275
97378
97480
97584
97687
97790
97893
97997
98101
98203
98307
98411
98513
98615
98717
98821
98923
99026
99130
99233
99336
99439
99541
99643
99746
99849
99952
100055
100157
100261
100365
100469
100572
100675
100778
100880
100984
101087
101190
101292
101394
101497
104037
104141
104245
104348
104452
104555
104658
104760
104863
104966
105069
105173
105276
105380
105484
105586
105689
105792
105895
105997
106100
106202
106305
106408
106510
106614
106717
106821
106925
107028
107131
107234
107389
107492
107595
107698
107801
107903
108092
108195
108299
108402
108504
108608
108710
108813
108916
109019
109122
109224
109328
109478
109581
109684
109787
109890
109993
110096
110200
110304
110408
110510
110614
110717
110821
110966
111069
111171
111274
111378
111481
111584
111687
111790
111893
111995
112099
112202
112306
112409
112448
112552
112655
112759
112862
112965
113068
113171
113274
113377
113480
113584
113687
113790
113894
113998
114102
114205
114307
114410
114514
114618
114721
114824
114928
115032
115135
115238
115341
115444
115547
115685
116635
116737
116840
116943
117045
117148
117252
117355
117458
117562
117666
117770
117872
117976
118079
118181
118284
118388
118491
118595
118698
118801
118904
119006
119110
119214
119317
119420
119523
119627
119730
119834
119938
120045
120148
120251
120353
120457
120561
120664
120767
120870
120973
121077
121180
121284
121388
121491
121594
121697
121800
121904
122006
122108
122211
122314
122418
122520
122789
122893
122997
123100
123210
123313
123417
123521
123625
123729
123831
123935
124038
124142
124244
124348
124450
124554
124656
124759
124862
124964
125067
125170
125273
125375
125478
125582
125685
125788
125891
125995
126097
126201
126304
126407
126511
126614
126717
126820
126923
127026
127129
127232
127334
127437
127541
127645
127747
127851
127955
128057
128160
128263
128365
128469
128572
128674
128777
128879
128982
129085
129187
129290
129393
129496
129600
129704
129807
129910
130013
130117
130221
130324
130428
130530
130634
130738
130841
130945
131048
131151
131254
131358
131461
131564
131667
131770
131873
131977
132081
132183
132287
132390
132494
132597
132698
132801
132905
133009
133112
133215
133318
133421
133525
133628
133730
133833
133935
134037
134141
134244
134347
134450
134554
134658
134762
134864
135234
135337
135440
135550
135654
135757
135861
135964
136075
136178
136281
136384
136488
136591
136694
136797
136900
137003
137107
137210
137313
137417
137521
137625
137727
137831
137935
138037
138140
138243
138346
138450
138553
138656
138760
138862
138964
139068
139172
139276
139380
139483
139587
139690
139793
139896
139999
140103
140206
140308
140412
140515
140618
140720
140824
140927
141030
141133
141236
141339
141443
141546
141649
141753
141856
141959
142115
142219
142322
142425
142529
142633
142736
142839
142941
143044
143147
143251
143355
143459
143562
143666
143769
143872
143975
144077
144180
144284
144387
144489
144598
144701
144804
144907
145009
145112
145216
145320
145794
145896
145998
146101
146204
146306
146409
146513
146617
146720
146824
146926
147030
147134
147238
147342
147445
147548
147650
147754
147857
147960
148064
148166
148269
148372
148474
148578
148680
148782
148886
148989
149091
149195
149298
149402
149504
149607
149710
149813
149917
150021
150125
150229
150373
150476
150579
150682
150785
150889
150992
151095
151240
151342
151446
151591
151694
151798
151902
152003
152107
152210
152314
152418
152521
152624
152727
152830
152932
153035
153137
153241
153345
153448
153552
153655
153759
153861
153964
154067
154169
154272
154376
154480
154583
154687
154791
154894
154997
155100
155204
155307
155410
155513
155617
155720
155823
155926
156029
156132
156235
156338
156441
156543
156646
156748
156852
156956
157060
157657
157704
157759
158079
158120
158177
158241
158301
158639
158689
159692
159743
159803
159853
160797
160847
160905
161980
162024
162078
162290
162336
162399
163129
163280
163361
165078
165130
165182
165224
167293
167332
167382
167525
167787
167832
167874
167917
168774
168812
168864
169685
169741
169808
170002
170300
170342
170580
170685
170969
171022
171780
171990
173148
173341
173387
173821
173889
174456
174500
174556
174942
175083
175178
175273
175368
175787
175891
175995
176099
176201
176305
176408
176511
176614
176717
176820
176923
177027
177129
177232
177335
177438
177542
177646
177749
177851
177955
178058
178161
178264
178368
178472
178576
178687
178790
178939
178981
179084
179188
179234
179424
179527
179630
179733
179836
179939
180043
180090
180149
180205
180263
180321
180383
180437
180511
180566
180619
180675
180933
180977
181023
181473
181575
181679
181783
181921
181974
182376
182419
183601
183657
183696
183783
183830
183914
183969
184026
184071
184115
184169
184522
184581
184640
184698
184754
184810
184926
184978
185030
185081
185130
185180
185418
185464
185513
185741
185843
185892
185931
185971
186410
186513
186616
186718
186821
186924
187027
187130
187232
187336
187440
187541
187644
187748
187851
187954
188057
188161
188264
188368
188472
188575
188678
188781
188885
188988
189090
189192
189295
189399
189503
189606
189709
189812
189915
190017
190120
190223
190327
190436
190539
190642
190745
190849
190891
191047
191150
191254
191357
191460
191564
191738
191842
191983
192037
192218
192263
192366
192469
192572
192673
192776
193082
193138
193196
193256
193313
193367
193423
193489
193538
193826
193929
194031
194133
194236
194340
194443
194545
194649
194752
194855
194958
195060
195163
195265
195368
195471
195574
195677
195780
195882
195986
196088
196192
196296
196399
196502
196605
196707
196810
196914
197017
197120
197223
197326
197429
197532
197636
197738
197841
197943
198046
198149
198252
198356
198501
198547
198597
198701
198804
198906
199010
199113
199216
199319
199423
199526
199629
199732
199835
199943
200047
200150
200253
200355
200458
200561
200664
200767
200807
200853
201054
201115
201202
201250
201296
201345
201439
201489
201537
201595
201647
201692
201743
201799
201886
201943
202004
202415
202461
202521
203362
203418
203558
203603
203705
203756
203911
203960
204067
204116
204165
204214
204263
204312
204361
204413
204475
204534
204588
204642
204696
204754
204804
204874
204925
205310
205368
205430
205480
205549
205610
205666
205718
205777
205831
205885
205940
205994
206048
206106
206169
206223
206267
206372
206517
206630
206733
206863
207039
207143
207246
207347
207449
207553
207656
207760
207863
207966
208070
208173
208277
208380
208483
208586
208689
208791
208894
208997
209100
209204
209307
209415
209519
209622
209724
209827
209930
210032
210134
210251
210362
210466
210570
210673
210776
210878
210982
211085
211187
211291
211394
211497
211601
211906
212004
212049
212153
212205
212258
212362
212465
212569
212672
212709
212751
212806
212907
213009
213112
213216
213320
213424
213527
213635
213739
213842
213945
214048
214151
214194
214395
214446
214502
214555
214607
214665
214782
214925
214977
215018
215059
215109
215162
215212
215262
215312
215362
215415
215468
215518
215571
215621
215674
215727
215775
215821
215865
215909
216020
216440
216543
216646
216750
216854
217006
217066
217285
217343
217426
217537
217577
217624
217716
217988
218092
218196
218299
218403
218505
218608
218712
218816
218920
219023
219126
219230
219334
219436
219540
219644
219748
219852
219955
220058
220161
220265
220368
220472
220575
220678
220781
220884
220993
221097
221200
221352
221455
221681
221783
221886
221988
222091
222194
222297
222400
222503
222607
222710
222812
222915
223018
223122
223226
223330
223433
223537
223640
223744
223848
223993
224042
224096
224148
224196
224244
224291
224339
224386
224433
224490
224538
224586
224636
224692
224742
224793
224847
224898
224952
225008
225066
225130
225188
225247
225309
225368
225430
225939
226246
226563
226666
226770
226874
226983
227086
227190
227291
227394
227498
227602
227706
227809
227913
228016
228120
228224
228333
228437
228540
228644
228746
228850
228953
229056
229160
229264
229367
229470
229574
229678
229782
229886
229997
230100
230204
230306
230409
230512
230614
230717
230821
230924
231245
231348
231450
231553
231656
231760
231864
231967
232070
232173
232277
232378
232482
232585
232687
233451
233496
233599
233703
233904
234003
234106
234210
234312
234454
234505
234569
234624
235131
235366
235423
235475
235520
235579
235631
235683
235735
235787
235849
235906
235957
236283
236527
236606
236677
236748
236812
236872
238329
238390
238454
238512
238635
238799
239119
239180
239328
239685
242194
242249
242566
243007
243140
243323
243510
243958
244008
244052
244092
244138
244232
244285
244394
244435
244477
244526
244584
244815
244927
244977
245022
245067
245114
245158
247345
247385
247419
247733
247772
247818
247858
247902
247946
247990
248038
248086
248139
248181
248227
248275
248313
248355
248395
248439
248482
248525
248569
248608
248664
248708
248752
248802
248844
248890
248931
248976
249022
249074
249121
249163
249205
249251
249294
249830
249876
250079
250120
250465
250508
250671
251114
252021
252076
252120
252179
252237
252301
252349
252401
252450
252504
252550
252611
253291
253430
253479
253530
253572
253617
253661
253705
253765
253825
253884
253950
254016
254082
254136
254188
254243
254294
254343
254386
254453
254516
254579
254626
254673
254730
254779
254823
254869
254930
254983
255037
255104
255163
255216
255272
255324
255385
255690
255755
255809
255860
255918
255971
256025
256074
256125
256170
256258
256341
256386
256493
256569
256716
256774
256823
256871
256937
257002
257062
257111
257160
257221
257283
257347
257400
257458
257510
257565
257615
257661
257804
257848
257889
257934
257978
258059
258123
258174
258223
258271
258345
258389
258434
258477
258520
258563
258607
258643
258683
258738
258785
258831
258879
258933
258981
259030
259083
259136
259185
259224
259309
259522
259606
259653
259698
259746
259789
259839
260191
260973
261027
261128
261170
261324
261720
261763
261931
262243
262347
262405
262465
262525
262594
262663
263524
264675
264732
264769
265018
265127
265177
265232
265285
266104
266159
266216
266274
266323
266378
266422
266491
266555
266618
266682
266747
266812
266875
266931
266996
267059
267123
267187
267250
267318
267400
267464
267739
267782
267825
267868
267913
267960
268004
268060
268111
268160
268213
268267
268312
268364
268409
268463
268507
268551
268607
268661
268797
268847
268979
269028
269081
269133
269183
269227
269279
269623
269669
269719
269842
269916
269968
270019
270071
270114
270165
270210
270257
270305
270618
270667
270715
270762
271230
271277
271404
271563
271916
272020
272389
272436
273169
273221
273907
273960
274007
274052
274100
274312
274367
274469
274516
274564
275130
275186
275245
275286
275587
275634
275686
275729
276030
276599
276832
276977
277022
277071
277121
277175
277225
277368
277415
277470
277655
278100
278480
278529
278577
278627
278670
278879
278929
278983
279024
279395
279437
279482
279531
279584
279624
279723
280010
280083
280156
280229
280294
280359
280424
280489
280554
280612
280670
280728
280786
280837
280893
280949
281005
281060
281115
281169
281223
281277
281331
281385
281439
281496
281553
281606
281659
281712
281765
281818
281869
281923
281977
282031
282085
282139
282193
282236
282867
282922
282979
283037
283076
284877
285122
285255
285302
285366
285424
285482
285527
285574
285618
285823
285879
286096
286285
286642
286690
286738
286785
286832
286880
286928
286970
287020
287070
287113
287161
287222
287283
287338
287393
287448
287504
287557
287609
287652
287708
287749
287807
287865
287923
287981
288026
288085
288127
288212
288280
288488
288576
288693
288816
288889
289090
289153
289276
289433
289571
289653
289774
289868
289986
290053
290223
290335
290393
290457
290579
290652
290729
290914
290971
291020
291157
291258
291383
291452
291595
291751
291899
291972
292034
292145
292215
292271
292328
292394
292446
292502
292556
292619
292680
292732
292784
293479
293569
293622
293750
293791
293836
293876
293920
293957
293998
294038
294082
294138
294194
294286
294334
294380
294415
294494
294533
