233807
233944
236339
236456
236933
237053
237123
237235
237300
237508
237630
237793
237862
237922
237995
238113
238255
238566
238687
238859
238983
239054
239558
239747
239870
239945
240015
240122
240188
240292
240357
240468
240534
240647
240712
240819
240885
240992
241058
241164
241273
241387
241453
241568
241636
241756
241821
241927
241992
242121
242301
242496
242685
242803
242875
243065
243199
243258
243383
243892
252727
252834
252892
253012
253132
253235
256616
257754
262118
262289
263760
263859
263914
264019
264096
264199
264390
264439
264494
264598
270815
270911
277279
277519
