94370
94693
94829
94965
95036
95089
95142
95209
95251
112409
115685
142062
150333
151199
151550
157657
157704
157759
158079
158120
158177
158241
158301
158639
158689
159692
159743
159803
159853
160797
160847
160905
161980
162024
162078
162290
162336
162399
163129
163280
163361
165078
165130
165182
165224
167293
167332
167382
167525
167607
167787
167832
167874
167917
168774
168812
168864
169685
169741
169808
170002
170300
170342
170580
170685
170969
171022
171780
171990
173148
173341
173387
173821
173889
174456
174500
174556
174600
174942
174988
175035
175083
175130
175178
175225
175273
175320
175368
178939
179188
179378
180043
180090
180149
180205
180263
180321
180383
180437
180511
180566
180619
180675
180891
180933
180977
181023
181921
181974
182376
182419
183601
183657
183696
183783
183830
183830
183914
183969
184026
184071
184115
184169
184522
184581
184640
184698
184754
184810
184926
184978
185030
185081
185130
185180
185230
185418
185464
185513
185741
185741
185843
185892
185931
185971
186073
186257
190849
191983
192037
192218
192879
192994
193039
193082
193138
193196
193256
193313
193367
193423
193489
193538
198501
198547
200767
200807
200853
200901
201054
201115
201202
201250
201296
201345
201439
201489
201537
201595
201647
201692
201743
201799
201846
201886
201943
202004
202338
202415
202461
202521
203362
203418
203469
203509
203558
203603
203705
203756
203911
203960
204067
204116
204165
204214
204263
204312
204361
204413
204475
204534
204588
204642
204696
204754
204804
204874
204925
205310
205368
205430
205480
205549
205610
205666
205718
205777
205831
205885
205940
205994
206048
206106
206169
206223
206267
206372
206517
206630
206733
206863
206956
206996
211845
211906
212004
212153
212205
212672
212709
212751
212806
212856
214151
214194
214348
214395
214446
214502
214555
214607
214665
214723
214782
214925
214977
215018
215059
215109
215162
215212
215262
215312
215362
215415
215468
215518
215571
215621
215674
215727
215775
215821
215865
215909
216020
216957
217006
217066
217244
217285
217343
217382
217426
217493
217537
217577
217624
217716
217760
217809
223993
224042
224096
224148
224196
224244
224291
224339
224386
224433
224490
224538
224586
224636
224692
224742
224793
224847
224898
224952
225008
225066
225130
225188
225247
225309
225368
225430
225531
225576
225679
225939
226045
226246
226289
226521
230924
233451
233904
234454
234505
234569
234624
235131
235327
235366
235423
235475
235520
235579
235631
235683
235735
235787
235849
235906
235957
236010
236283
236527
236606
236677
236748
236812
236872
238329
238390
238454
238512
238635
238799
239119
239180
239328
239685
242194
242249
242566
243007
243140
243323
243510
243958
244008
244052
244092
244138
244187
244232
244285
244394
244435
244477
244526
244584
244774
244815
244927
244977
245022
245067
245114
245158
247345
247385
247419
247457
247733
247772
247818
247858
247902
247946
247990
248038
248086
248139
248181
248227
248275
248313
248355
248395
248439
248482
248525
248569
248608
248664
248708
248752
248802
248844
248890
248931
248976
249022
249074
249121
249163
249205
249251
249294
249830
249876
250079
250120
250465
250508
250566
250671
251114
252021
252076
252120
252179
252237
252301
252349
252401
252450
252504
252550
252611
252671
253291
253349
253430
253479
253530
253572
253617
253661
253705
253765
253825
253884
253950
254016
254082
254136
254188
254243
254294
254343
254386
254453
254516
254579
254626
254673
254730
254779
254823
254869
254930
254983
255037
255104
255163
255216
255272
255324
255385
255690
255755
255809
255860
255918
255971
256025
256074
256125
256170
256214
256258
256301
256341
256386
256433
256493
256569
256716
256774
256823
256871
256937
257002
257062
257111
257160
257221
257283
257347
257400
257458
257510
257565
257615
257661
257804
257848
257889
257934
257978
258017
258059
258123
258174
258223
258271
258345
258389
258434
258477
258520
258563
258607
258643
258683
258738
258785
258831
258879
258933
258981
259030
259083
259136
259185
259224
259309
259522
259606
259653
259698
259746
259789
259839
259930
260013
260191
260973
261027
261128
261170
261324
261373
261720
261763
261931
262118
262243
262347
262405
262465
262525
262594
262663
263139
263432
263524
263692
264675
264732
264769
265018
265127
265177
265232
265285
266104
266159
266216
266274
266323
266378
266422
266491
266555
266618
266682
266747
266812
266875
266931
266996
267059
267123
267187
267250
267318
267400
267464
267530
267739
267782
267825
267868
267913
267960
268004
268060
268111
268160
268213
268267
268312
268364
268409
268463
268507
268551
268607
268661
268797
268847
268979
269028
269081
269133
269183
269227
269279
269623
269669
269719
269773
269842
269916
269968
270019
270071
270114
270165
270210
270257
270305
270346
270618
270667
270715
270762
271230
271277
271360
271404
271563
271916
271978
272020
272389
272436
273081
273169
273221
273273
273907
273960
274007
274052
274100
274206
274312
274367
274469
274516
274564
275003
275130
275186
275245
275286
275331
275493
275587
275634
275686
275729
276030
276450
276599
276832
276977
277022
277071
277121
277175
277225
277368
277415
277470
277655
277896
278100
278480
278529
278577
278627
278670
278879
278929
278983
279024
279395
279437
279482
279531
279584
279624
279723
279970
280010
280083
280156
280229
280294
280359
280424
280489
280554
280612
280670
280728
280786
280837
280893
280949
281005
281060
281115
281169
281223
281277
281331
281385
281439
281496
281553
281606
281659
281712
281765
281818
281869
281923
281977
282031
282085
282139
282193
282236
282867
282922
282979
283037
283076
283468
283513
284877
285122
285255
285302
285366
285424
285482
285527
285574
285618
285673
285766
285823
285879
286096
286244
286285
286642
286690
286738
286785
286832
286880
286928
286970
287020
287070
287113
287161
287222
287283
287338
287393
287448
287504
287557
287609
287652
287708
287749
287807
287865
287923
287981
288026
288085
288127
288166
288212
288280
288353
288417
288488
288576
288693
288754
288816
288889
288962
289026
289090
289153
289216
289276
289377
289433
289506
289571
289653
289715
289774
289868
289930
289986
290053
290116
290169
290223
290276
290335
290393
290457
290517
290579
290652
290729
290806
290856
290914
290971
291020
291097
291157
291258
291319
291383
291452
291519
291595
291688
291751
291825
291899
291972
292034
292080
292145
292215
292271
292328
292394
292446
292502
292556
292619
292680
292732
292784
293438
293479
293525
293569
293622
293750
293791
293836
293876
293920
293957
293998
294038
294082
294138
294194
294243
294286
294334
294380
294415
294454
294494
294533
294675
