87886
87989
88092
88196
88300
88404
88507
88610
88713
88817
88920
89023
89126
89237
89341
89443
89546
89649
89753
89856
89958
90062
90165
90268
90371
90474
90547
90651
90754
90857
90960
91063
91167
91278
91380
91482
91583
91685
91788
91892
91996
92099
92202
92306
92409
92513
92617
92720
92824
92926
93028
93131
93233
93336
93440
93544
93648
93751
93854
93958
94060
94163
94267
95421
95523
95626
95729
95832
95935
96038
96141
96245
96348
96452
96554
96657
96760
96863
96965
97068
97171
97275
97378
97480
97584
97687
97790
97893
97997
98101
98203
98307
98411
98513
98615
98717
98821
98923
99026
99130
99233
99336
99439
99541
99643
99746
99849
99952
100055
100157
100261
100365
100469
100572
100675
100778
100880
100984
101087
101190
101292
101394
101497
104037
104141
104245
104348
104452
104555
104658
104760
104863
104966
105069
105173
105276
105380
105484
105586
105689
105792
105895
105997
106100
106202
106305
106408
106510
106614
106717
106821
106925
107028
107131
107234
107389
107492
107595
107698
107801
107903
108006
108092
108195
108299
108402
108504
108608
108710
108813
108916
109019
109122
109224
109328
109478
109581
109684
109787
109890
109993
110096
110200
110304
110408
110510
110614
110717
110821
110966
111069
111171
111274
111378
111481
111584
111687
111790
111893
111995
112099
112202
112306
112448
112552
112655
112759
112862
112965
113068
113171
113274
113377
113480
113584
113687
113790
113894
113998
114102
114205
114307
114410
114514
114618
114721
114824
114928
115032
115135
115238
115341
115444
115547
116635
116737
116840
116943
117045
117148
117252
117355
117458
117562
117666
117770
117872
117976
118079
118181
118284
118388
118491
118595
118698
118801
118904
119006
119110
119214
119317
119420
119523
119627
119730
119834
119938
120045
120148
120251
120353
120457
120561
120664
120767
120870
120973
121077
121180
121284
121388
121491
121594
121697
121800
121904
122006
122108
122211
122314
122418
122520
122789
122893
122997
123100
123210
123313
123417
123521
123625
123729
123831
123935
124038
124142
124244
124348
124450
124554
124656
124759
124862
124964
125067
125170
125273
125375
125478
125582
125685
125788
125891
125995
126097
126201
126304
126407
126511
126614
126717
126820
126923
127026
127129
127232
127334
127437
127541
127645
127747
127851
127955
128057
128160
128263
128365
128469
128572
128674
128777
128879
128982
129085
129187
129290
129393
129496
129600
129704
129807
129910
130013
130117
130221
130324
130428
130530
130634
130738
130841
130945
131048
131151
131254
131358
131461
131564
131667
131770
131873
131977
132081
132183
132287
132390
132494
132597
132698
132801
132905
133009
133112
133215
133318
133421
133525
133628
133730
133833
133935
134037
134141
134244
134347
134450
134554
134658
134762
134864
135234
135337
135440
135550
135654
135757
135861
135964
136075
136178
136281
136384
136488
136591
136694
136797
136900
137003
137107
137210
137313
137417
137521
137625
137727
137831
137935
138037
138140
138243
138346
138450
138553
138656
138760
138862
138964
139068
139172
139276
139380
139483
139587
139690
139793
139896
139999
140103
140206
140308
140412
140515
140618
140720
140824
140927
141030
141133
141236
141339
141443
141546
141649
141753
141856
141959
142115
142219
142322
142425
142529
142633
142736
142839
142941
143044
143147
143251
143355
143459
143562
143666
143769
143872
143975
144077
144180
144284
144387
144489
144598
144701
144804
144907
145009
145112
145216
145320
145423
145794
145896
145998
146101
146204
146306
146409
146513
146617
146720
146824
146926
147030
147134
147238
147342
147445
147548
147650
147754
147857
147960
148064
148166
148269
148372
148474
148578
148680
148782
148886
148989
149091
149195
149298
149402
149504
149607
149710
149813
149917
150021
150125
150229
150373
150476
150579
150682
150785
150889
150992
151095
151240
151342
151446
151591
151694
151798
151902
152003
152107
152210
152314
152418
152521
152624
152727
152830
152932
153035
153137
153241
153345
153448
153552
153655
153759
153861
153964
154067
154169
154272
154376
154480
154583
154687
154791
154894
154997
155100
155204
155307
155410
155513
155617
155720
155823
155926
156029
156132
156235
156338
156441
156543
156646
156748
156852
156956
157060
175787
175891
175995
176099
176201
176305
176408
176511
176614
176717
176820
176923
177027
177129
177232
177335
177438
177542
177646
177749
177851
177955
178058
178161
178264
178368
178472
178576
178687
178790
178981
179084
179234
179424
179527
179630
179733
179836
179939
181473
181575
181679
181783
186410
186513
186616
186718
186821
186924
187027
187130
187232
187336
187440
187541
187644
187748
187851
187954
188057
188161
188264
188368
188472
188575
188678
188781
188885
188988
189090
189192
189295
189399
189503
189606
189709
189812
189915
190017
190120
190223
190327
190436
190539
190642
190745
190891
191047
191150
191254
191357
191460
191564
191666
191738
191842
192263
192366
192469
192572
192673
192776
193826
193929
194031
194133
194236
194340
194443
194545
194649
194752
194855
194958
195060
195163
195265
195368
195471
195574
195677
195780
195882
195986
196088
196192
196296
196399
196502
196605
196707
196810
196914
197017
197120
197223
197326
197429
197532
197636
197738
197841
197943
198046
198149
198252
198356
198597
198701
198804
198906
199010
199113
199216
199319
199423
199526
199629
199732
199835
199943
200047
200150
200253
200355
200458
200561
200664
207039
207143
207246
207347
207449
207553
207656
207760
207863
207966
208070
208173
208277
208380
208483
208586
208689
208791
208894
208997
209100
209204
209307
209415
209519
209622
209724
209827
209930
210032
210134
210251
210362
210466
210570
210673
210776
210878
210982
211085
211187
211291
211394
211497
211601
212049
212258
212362
212465
212569
212907
213009
213112
213216
213320
213424
213527
213635
213739
213842
213945
214048
216440
216543
216646
216750
216854
217988
218092
218196
218299
218403
218505
218608
218712
218816
218920
219023
219126
219230
219334
219436
219540
219644
219748
219852
219955
220058
220161
220265
220368
220472
220575
220678
220781
220884
220993
221097
221200
221352
221455
221681
221783
221886
221988
222091
222194
222297
222400
222503
222607
222710
222812
222915
223018
223122
223226
223330
223433
223537
223640
223744
223848
226563
226666
226770
226874
226983
227086
227190
227291
227394
227498
227602
227706
227809
227913
228016
228120
228224
228333
228437
228540
228644
228746
228850
228953
229056
229160
229264
229367
229470
229574
229678
229782
229886
229997
230100
230204
230306
230409
230512
230614
230717
230821
231245
231348
231450
231553
231656
231760
231864
231967
232070
232173
232277
232378
232482
232585
232687
233496
233599
233703
234003
234106
234210
234312
