86927
94370
94800
95183
95293
101627
101652
101686
101760
101800
101845
101890
101933
101972
102013
102054
102098
102140
102185
102233
102281
102334
102381
102433
102478
102528
102572
102621
102674
102719
102765
102810
102855
102900
102945
102990
103035
103087
103135
103179
103217
103254
103306
103342
103386
103421
103472
103509
103563
103606
103651
103697
103748
103807
103867
103920
103974
115806
116547
116609
122630
122720
233807
236339
236933
237123
237300
237508
237704
237995
238113
238687
238859
239248
239391
239496
239558
239747
240015
240188
240357
240534
240712
240885
241058
241230
241273
241453
241636
241821
241992
242301
242639
242685
242875
243383
243570
243752
252727
252892
253132
256616
258320
262118
263760
263914
264096
264256
264494
270815
277279
