1241
1291
1328
1369
1635
1706
1754
1806
1857
1903
1953
2006
2063
2106
2153
2209
2269
2317
2369
2417
2469
2516
2567
2615
2667
2714
2765
2809
2857
2904
2955
2997
3043
3089
3145
3204
3279
3352
3404
3453
3503
3558
3637
3708
3768
3824
3868
3918
3972
4020
4075
4128
4181
4242
4297
4344
4389
4520
4580
4647
4708
4776
4846
4911
4984
5057
5110
5182
5245
5306
5377
5439
5489
5552
5606
5675
5731
5802
5873
5937
6001
6062
6123
6184
6244
6304
6395
6478
6561
6637
6709
6780
6852
6937
7022
7107
7184
7261
7338
7415
7492
7562
7632
7702
7772
7840
7908
7976
8043
8110
8176
8242
8308
8374
8440
8506
8575
8644
8709
8774
8839
8904
8969
9032
9098
9164
9230
9296
9362
9428
9488
9548
9618
9688
9744
9804
9888
9940
10017
10101
10152
10204
10308
10410
10485
10573
10657
10749
10841
10932
11051
11174
11307
11433
11516
11605
11718
11823
11934
12031
12135
12242
12358
12453
12540
12643
12733
12819
12899
12986
13071
13160
13256
13363
13470
13573
13680
13798
13911
14031
14149
14262
14375
14477
14577
14676
14774
14880
14978
15081
15157
15242
15334
15422
15498
15583
15675
15763
15839
15924
16016
16104
16180
16265
16357
16445
16530
16602
16683
16771
16854
16933
17003
17082
17168
17249
17328
17407
17489
17567
17643
17721
17789
17859
17942
18018
18094
18181
18272
18361
18446
18549
18636
18709
18784
18865
18940
19016
19095
19171
19250
19321
19394
19473
19546
19620
19698
19776
19845
19934
20025
20122
20213
20305
20400
20492
20587
20663
20751
20841
20920
20998
21076
21156
21258
21369
21473
21570
21645
21722
21814
21907
22005
22103
22203
22303
22412
22521
22618
22713
22810
22908
23010
23105
23202
23300
23349
23407
23457
23523
23567
23615
23674
23729
23788
23844
23906
23970
24027
24109
24184
24257
24329
24386
24459
24536
24628
24702
24780
24874
24957
25044
25156
25234
25319
25408
25524
25606
25708
25784
25864
25962
26040
26122
26224
26298
26376
26470
26546
26626
26724
26803
26886
26990
27063
27140
27232
27302
27376
27462
27535
27612
27704
27780
27860
27958
28032
28110
28204
28282
28364
28466
28556
28650
28776
28864
28956
29078
29157
29240
29344
29399
29466
29532
29608
29690
29751
29815
29878
29945
30014
30088
30161
30236
30315
30386
30459
30535
30603
30671
30740
30810
30876
30959
31042
31125
31196
31269
31356
31424
31480
31553
31620
31682
31746
31821
31895
31971
32051
32123
32197
32274
32343
32412
32482
32553
32620
32704
32788
32872
32944
33018
33106
33175
33231
33304
33371
33433
33498
33562
33633
33708
33782
33858
33938
34010
34084
34161
34230
34299
34369
34440
34507
34591
34675
34759
34831
34905
34993
35062
35123
35196
35267
35338
35410
35476
35540
35605
35670
35730
35794
35858
35922
35982
36050
36122
36209
36283
36342
36405
36474
36541
36603
36666
36728
36790
36849
36923
36996
37075
37135
37194
37253
37328
37403
37477
37558
37639
37720
37789
37858
37925
37998
38087
38160
38249
38322
38411
38486
38544
38602
38660
38719
38777
38835
38893
38958
39036
39118
39225
39309
39376
39442
39509
39570
39635
39708
39775
39840
39909
39981
40052
40119
40190
40266
40339
40399
40466
40549
40636
40736
40820
40908
41012
41081
41170
41263
41375
41437
41499
41562
41625
41690
41755
41831
41907
41977
42047
42117
42188
42256
42323
42396
42469
42543
42616
42696
42780
42891
42975
43086
43170
43281
43365
43476
43562
43639
43736
43813
43910
43987
44084
44161
44258
44335
44432
44509
44606
44683
44780
44859
44930
45005
45098
45173
45266
45341
45434
45511
45584
45663
45746
45855
45940
46017
46114
46193
46262
46335
46424
46497
46586
46659
46748
46821
46910
46985
47059
47137
47236
47316
47384
47456
47543
47615
47702
47774
47861
47933
48020
48092
48179
48251
48338
48412
48477
48546
48627
48696
48777
48846
48927
48998
49066
49138
49225
49299
49370
49445
49538
49613
49706
49781
49874
49951
50016
50089
50166
50263
50342
50411
50492
50563
50632
50705
50794
50867
50956
51029
51118
51191
51280
51353
51442
51515
51612
51687
51760
51837
51934
52011
52108
52187
52272
52361
52482
52573
52651
52733
52840
52922
53029
53111
53218
53302
53385
53472
53589
53678
53752
53830
53929
54007
54106
54186
54240
54536
54593
54648
54705
54761
54815
54872
54939
54989
55052
55110
55176
55244
55309
55373
55438
55523
55607
55692
55778
55864
55948
56025
56090
56164
56239
56305
56378
56444
56509
56574
56649
56702
56767
56827
56878
56935
56994
57054
57111
57172
57231
57300
57363
57419
57481
57548
57606
57674
57746
57803
57870
57932
57988
58046
58109
58182
58252
58317
58386
58459
58520
58600
58672
58739
58809
58874
58939
59005
59070
59135
59204
59278
59343
59406
59456
59515
59581
59643
59710
59774
59837
59906
59975
60025
60085
60150
60213
60272
60335
60410
60479
60555
60621
60696
60762
60830
60893
60963
61026
61089
61152
61215
61288
61356
61418
61482
61541
61612
61684
61756
61831
61900
61965
62028
62102
62175
62241
62304
62388
62457
62512
62563
62620
62680
62732
62785
62845
62914
62980
63033
63089
63145
63203
63258
63307
63376
63434
63500
63563
63623
63688
63745
63817
63877
63942
64005
64067
64127
64181
64259
64333
64407
64465
64523
64591
64651
64706
64763
64835
64899
64964
65042
65112
65176
65243
65306
65378
65446
65514
65579
65641
65710
65774
65836
65892
65948
66006
66064
66133
66193
66252
66329
66405
66476
66536
66596
66668
66741
66816
66880
66949
67012
67078
67139
67196
67256
67311
67367
67422
67497
67557
67616
67676
67732
67798
67856
67916
67966
68016
68068
68122
68185
68251
68317
68370
68430
68487
68541
68603
68669
68733
68793
68859
68914
68994
69070
69144
69219
69294
69368
69447
69540
69615
69692
69750
69812
69872
69937
70004
70069
70123
70185
70241
70299
70358
70410
70467
70530
70593
70659
70723
70781
70840
70907
70977
71035
71098
71152
71210
71276
71336
71402
71457
71511
71564
71620
71691
71760
71818
71893
71962
72031
72087
72145
72200
72266
72320
72373
72427
72486
72540
72607
72659
72715
72768
72825
72893
72970
73033
73100
73172
73235
73298
73362
73424
73477
73535
73589
73638
73677
73716
73754
73804
73843
73899
73959
74000
74046
74098
74136
74178
74227
74280
74334
74392
74446
74504
74558
74616
74669
74726
74769
74816
74858
74911
74956
75001
75055
75112
75166
75220
75274
75328
75385
75442
75496
75553
75607
75664
75721
75771
75819
75867
75917
75978
76022
76062
76106
76150
76198
76240
76286
76334
76372
76414
76454
76498
76540
76586
76627
76672
76719
76761
76807
76843
76886
76932
76977
77032
77072
77126
77175
77238
77290
77330
77387
77427
77469
77514
77563
77616
77668
77709
77756
77801
77852
77906
77961
78028
78092
78158
78224
78294
78356
78438
78501
78562
78626
78687
78751
78817
78885
78950
79012
79076
79150
79207
79270
79329
79394
79462
79524
79586
79652
79710
79788
79847
79904
79975
80023
80077
80143
80211
80264
80317
80380
80429
80491
80549
80608
80671
80735
80791
80834
80877
80926
80986
81040
81110
81187
81260
81340
81399
81457
81530
81593
81652
81715
81786
81862
81919
81980
82043
82123
82187
82243
82298
82360
82421
82478
82536
82596
82660
82721
82774
82830
82892
82953
83016
83055
83099
83147
83192
83235
83279
83318
83366
83410
83452
83498
83542
83584
83627
83668
83712
83769
83813
83854
83893
83935
83984
84047
84110
84152
84211
84272
84318
84368
84422
84483
84563
84631
84710
84784
84855
84927
84993
85070
85147
85214
85300
85375
85447
85517
85588
85681
85753
85822
85903
85972
86047
86124
86198
86256
86314
86365
86417
86465
86521
86571
86623
86682
86734
86784
86833
86881
